0 24 25 26 27 28 29 30 31 32 33 34
45 0 47 48 49 50 51 52 53 54 55 56
67 68 0 70 71 72 73 74 75 76 77 78
89 90 91 0 93 94 95 96 97 98 99 100
111 112 113 114 0 116 117 118 119 120 121 122
133 134 135 136 137 0 139 140 141 142 143 144
155 156 157 158 159 160 0 162 163 164 165 166
177 178 179 180 181 182 183 0 185 186 187 188
199 200 201 202 203 204 205 206 0 208 209 210
221 222 223 224 225 226 227 228 229 0 231 232
243 244 245 246 247 248 249 250 251 252 0 254
265 266 267 268 269 270 271 272 273 274 275 0
